momenta ba [-2.0, -2.0, -1.0, -0.0, -0.0, 1.0, 2.0, 2.0]
momenta cmps [-2.0, -2.0, -1.0, 0.0, 0.0, 1.0, 2.0, 2.0]
N cmps [15.997, 15.8957, 16.0, 15.9972, 16.0, 16.0, 15.9966, 15.9556]
energies ba [2.2296, 1.8686, 1.0, 1.9938, 0.0, 1.0, 2.2296, 1.8686]
energies cmps [2.2375, 1.8842, 1.0004, 2.0821, 0.0, 1.0004, 2.2378, 1.8844]
chiral ovlp ba (a)[-0.0638, -0.0266, 0.0, 0.0, 0.0, 0.9992, 1.1756, -0.7832]
chiral ovlp cmps (a)[-0.0625, -0.0251, -0.0004, -0.0, 0.0, 0.9993, 1.1506, -0.8009]
chiral ovlp ba (b)[0.0382, -0.0345, 0.0523, 0.0031, 0.9992, 0.0, 0.979, 1.0321]
chiral ovlp cmps (b)[0.0406, -0.0336, 0.0509, 0.0026, 0.9993, 4.477, 1.0079, 0.9764]
antichiral ovlp ba (b)[0.0912, -0.0627, 0.0523, 0.9932, 0.0, 0.0, -0.1008, 0.0726]
antichiral ovlp cmps (b)[0.0634, -0.0875, 0.0509, 0.9718, -0.0004, 4.2478, -0.0996, 0.0742]
